***ch6***
	 m: 0.49606 \pm 0.0386911
	 q: 43.4794 \pm 78.3272
	 chisq: 10204.8/3
***ch3***
	 m: 1.02525 \pm 0.0061574
	 q: 13.9866 \pm 6.2044
	 chisq: 61.6022/3
